3.272171
4.431209
5.549697
6.539935
7.478036
8.548954
9.640882
10.63712
11.64289
12.54257
13.49393
14.49231
15.49475
16.46425
17.47123
18.57932
18.87643
19.13283
19.39588
20.38762
20.68793
20.93147
21.24868
21.49619
22.37604
22.72699
22.99601
23.26305
23.49464
24.52499
25.10598
25.3381
25.59705
26.51875
26.78408
27.0407
27.33402
27.57032
28.55593
28.79254
29.02979
29.30545
29.59526
30.64358
31.17314
31.73552
32.67425
33.23195
33.44882
33.70913
35.4665
36.00434
36.26036
36.47828
36.70062
36.98392
37.26896
37.95461
38.23687
38.46518
38.7108
38.93324
39.17869
39.4303
39.93965
40.20011
40.42306
40.69456
40.93432
41.19394
41.43178
41.96911
42.26164
42.50126
42.71576
42.95028
43.21565
43.42596
43.66513
44.04794
44.36534
44.59042
44.80418
45.06168
45.3085
45.5757
46.00607
46.25406
46.48641
46.76307
46.96394
47.19083
47.44433
47.68482
48.17746
48.38841
48.65424
48.85176
49.13733
49.36419
49.6112
50.14618
50.39584
50.62563
50.83238
51.05653
51.30348
51.53775
51.77544
52.50501
52.73346
52.92445
53.14949
53.37711
53.56736
53.71032
53.959
54.45751
54.71033
54.91083
55.0563
55.1748
55.33025
55.56104
55.80404
56.02138
56.4835
56.72669
56.97365
57.24986
57.54172
57.73469
57.97652
58.70611
58.837
58.93219
59.11029
59.31631
59.47278
59.72329
59.93658
60.18659
60.66401
60.89711
61.10331
61.3229
61.56845
61.81659
62.04535
62.62201
62.88918
63.16064
63.39452
63.6315
63.92739
64.19596
64.67894
64.92424
65.15115
65.41216
65.68036
66.2071
66.7473
67.02593
67.28676
67.52767
67.75732
68.00401
68.24537
69.1107
69.36616
69.73987
69.98667
70.27306
71.13982
71.41077
71.6944
71.94034
72.21494
73.29076
73.84341
74.10518
74.37392
75.28969
75.5799
75.80521
76.04493
76.35553
77.30608
77.67688
77.90707
78.14416
78.46601
79.36593
79.62318
79.8754
80.11756
80.42078
81.44401
82.06138
82.27814
82.56038
84.95728
85.74498
86.69855
87.67378
88.38661
89.38036
90.34925
91.34177
92.31326
93.2971
94.28633
95.35205
96.30463
97.44156
98.88073
