17.50438
18.00633
18.49011
18.98157
19.40398
19.88271
20.29921
21.21277
21.68313
22.13052
22.60733
23.02557
23.47167
23.94914
24.8688
25.31653
25.78493
26.27308
26.74571
27.48819
28.01863
28.78815
30.19955
32.03107
32.54015
33.00731
33.49294
33.9455
34.41437
34.81684
35.76479
36.21889
36.62513
37.1288
37.3073
37.53447
37.74473
37.99667
38.49556
39.35902
39.85678
40.31928
40.78459
41.24991
41.74216
42.49199
43.2131
45.28388
45.50536
45.67559
45.88173
46.14568
46.63676
46.85772
47.36869
47.63369
49.00468
49.20005
49.41795
49.61836
49.81376
50.27647
50.73673
51.22578
52.55146
52.76649
52.97478
53.19266
53.45469
53.95288
54.20269
54.70053
54.91904
55.92881
56.32791
56.84752
58.04111
59.05151
60.22177
60.4289
60.60634
61.22909
61.69864
62.1531
62.3732
62.86629
63.39098
63.88401
64.16086
64.75164
65.24753
65.75651
65.97526
66.53988
66.93117
67.37302
67.59825
67.81406
68.07091
68.25286
68.4539
68.65007
68.93738
69.39104
69.6572
69.84863
70.06259
70.26585
70.46285
70.7494
71.20606
71.45712
71.64004
71.84927
72.04752
72.2642
72.49481
72.69677
72.89434
73.14526
73.68681
74.1572
74.64273
75.06408
75.73962
76.19991
76.69372
76.93529
77.46554
77.90226
78.41472
78.64398
79.21072
79.73608
80.22451
80.48019
81.08928
81.46001
81.91735
82.13202
82.32794
82.54346
82.76104
82.96612
83.18716
83.41711
83.88845
84.09409
84.32191
84.56198
84.77116
84.97787
85.25993
85.71729
85.98146
86.16814
86.39964
86.61092
86.81662
87.04388
87.32151
87.51646
87.74226
88.2
88.66824
89.12048
89.3095
89.52299
